14706 348
14708 347
19535 346
14726 345
14720 344
24381 343
14579 342
24383 341
24384 340
24385 339
38043 338
14733 337
14728 336
14727 335
14717 334
14716 333
26262 332
40011 331
26867 330
26429 329
26263 328
40010 327
26866 326
26264 325
40009 324
26865 323
26265 322
40008 321
26869 320
26266 319
40007 318
26868 317
26268 316
40006 315
26852 314
34527 313
12217 312
12090 311
18617 310
12 309
768 308
774 307
771 306
7912 305
1901 304
11194 303
11193 302
11185 301
2624 300
35497 299
40832 298
36741 297
37709 296
26538 295
26539 294
24913 293
21621 292
21474 291
21396 290
21476 289
21394 288
21477 287
21393 286
4742 285
8101 284
3071 283
8100 282
3070 281
18628 280
8099 279
2938 278
21473 277
21397 276
21472 275
21398 274
8056 273
2927 272
40831 271
40830 270
24251 269
21402 268
24247 267
21401 266
21475 265
21400 264
8040 263
1412 262
8020 261
2812 260
21462 259
21410 258
24253 257
21409 256
20438 255
24252 254
21407 253
24301 252
24300 251
24254 250
21406 249
24248 248
21405 247
24250 246
21404 245
14043 244
35473 243
24810 242
21403 241
7916 240
1914 239
40255 238
7914 237
1902 236
7913 235
12064 234
40772 233
21415 232
40254 231
40253 230
24255 229
21422 228
21458 227
21420 226
21459 225
21419 224
21460 223
21418 222
21467 221
21417 220
10224 219
10223 218
24256 217
21416 216
37613 215
6621 214
21414 213
21478 212
21413 211
40257 210
40256 209
7910 208
1417 207
7533 206
21424 205
14465 204
19610 203
7560 202
21423 201
21646 200
12139 199
21421 198
14022 197
7896 196
895 195
37800 194
21479 193
21425 192
25920 191
21426 190
14406 189
7903 188
757 187
19397 186
40329 185
21443 184
40327 183
21446 182
40328 181
21444 180
40326 179
21447 178
40324 177
21449 176
40325 175
21448 174
40323 173
21450 172
36022 171
21466 170
21429 169
7576 168
1416 167
35592 166
35591 165
35600 164
40195 163
7554 162
2814 161
919 160
2661 159
7548 158
2839 157
35499 156
7538 155
2419 154
30408 153
832 152
837 151
7521 150
2546 149
77 148
3010 147
3008 146
6515 145
1866 144
36035 143
37638 142
37787 141
24243 140
21441 139
7850 138
7849 137
7832 136
7831 135
777 134
783 133
7536 132
2693 131
35046 130
35045 129
35782 128
36674 127
2874 126
782 125
24838 124
15211 123
2871 122
784 121
24842 120
15180 119
12158 118
12038 117
53 116
34044 115
12157 114
12037 113
15 112
30783 111
12156 110
12035 109
35461 108
860 107
840 106
16170 105
16158 104
17366 103
17365 102
869 101
850 100
870 99
851 98
16358 97
16159 96
35441 95
1206 94
3020 93
873 92
854 91
16359 90
16160 89
16165 88
16156 87
8777 86
2320 85
2332 84
3081 83
3080 82
7518 81
2647 80
14444 79
21608 78
39752 77
35593 76
37607 75
36317 74
21471 73
21428 72
37340 71
21470 70
21427 69
0 68
37801 67
17392 66
35544 65
20568 64
37606 63
37604 62
37603 61
35606 60
35542 59
14102 58
7585 57
3072 56
21469 55
21430 54
7578 53
1208 52
21464 51
21433 50
8766 49
8765 48
21461 47
21432 46
14443 45
19339 44
21465 43
21431 42
7552 41
12130 40
7516 39
1954 38
76173 37
24245 36
21438 35
14073 34
21468 33
21437 32
24246 31
21435 30
14980 29
1280 28
6502 27
22173 26
35484 25
7512 24
1863 23
7514 22
1864 21
7510 20
1848 19
37605 18
6513 17
1865 16
24812 15
21439 14
35568 13
6399 12
926 11
14024 10
24242 9
21440 8
10211 7
12687 6
6394 5
11014 4
6393 3
9999999 2
12093 1
