26852 1
9999999 2
40006 3
26268 4
26868 5
40007 6
26266 7
35484 8
26869 9
40008 10
26265 11
26865 12
40009 13
26264 14
4742 15
26866 16
40010 17
26263 18
1280 19
26429 20
26867 21
40011 22
26262 23
12093 24
6393 25
12687 26
10211 27
11014 28
6394 29
21440 30
24242 31
14024 32
926 33
6399 34
35568 35
21439 36
24812 37
37605 38
1865 39
6513 40
1848 41
7510 42
1864 43
7514 44
1863 45
7512 46
22173 47
6502 48
14980 49
24246 50
21435 51
21437 52
21468 53
14073 54
21438 55
24245 56
1954 57
7516 58
0 59
12130 60
7552 61
19339 62
14443 63
21431 64
21465 65
8765 66
8766 67
21432 68
21461 69
21433 70
21464 71
1208 72
7578 73
21430 74
21469 75
3072 76
7585 77
14102 78
35542 79
35606 80
37603 81
37604 82
37606 83
20568 84
35544 85
17392 86
37801 87
21427 88
21470 89
37340 90
21608 91
14444 92
21428 93
21471 94
36317 95
37607 96
35593 97
39752 98
3080 99
3081 100
2332 101
2320 102
8777 103
2647 104
7518 105
16156 106
16165 107
854 108
873 109
3020 110
1206 111
35441 112
16160 113
16359 114
851 115
870 116
850 117
869 118
17365 119
17366 120
16159 121
16358 122
840 123
860 124
35461 125
16158 126
16170 127
30783 128
15 129
12035 130
12156 131
34044 132
53 133
12037 134
12157 135
12038 136
12158 137
784 138
2871 139
15180 140
24842 141
782 142
2874 143
15211 144
24838 145
35045 146
35046 147
36674 148
35782 149
783 150
777 151
2693 152
7536 153
7849 154
7850 155
7831 156
7832 157
21441 158
24243 159
37787 160
37638 161
36035 162
3008 163
3010 164
77 165
1866 166
6515 167
837 168
832 169
30408 170
2546 171
7521 172
2419 173
7538 174
35499 175
2661 176
919 177
2839 178
7548 179
40195 180
35600 181
35591 182
35592 183
2814 184
7554 185
1416 186
7576 187
21654 188
21653 189
21652 190
21651 191
21650 192
21649 193
175 194
210 195
21648 196
21429 197
21466 198
36022 199
21450 200
40323 201
21448 202
40325 203
21449 204
40324 205
21447 206
40326 207
21444 208
40328 209
21446 210
40327 211
21443 212
40329 213
19535 214
14706 215
14708 216
38043 217
14716 218
24385 219
40935 220
757 221
7903 222
14406 223
21426 224
25920 225
21425 226
21479 227
37800 228
895 229
7896 230
14022 231
21421 232
12139 233
21646 234
19610 235
14465 236
21423 237
7560 238
21424 239
7533 240
40256 241
40257 242
1417 243
7910 244
21413 245
21478 246
21414 247
6621 248
37613 249
10223 250
10224 251
21416 252
24256 253
21467 254
21417 255
21418 256
21460 257
21419 258
21459 259
21420 260
21458 261
21422 262
24255 263
40253 264
40254 265
21415 266
40772 267
12064 268
7913 269
40255 270
1902 271
7914 272
1914 273
7916 274
21403 275
24810 276
35473 277
14043 278
21404 279
24250 280
21405 281
24248 282
24300 283
24301 284
21406 285
24254 286
21407 287
24252 288
20438 289
21409 290
24253 291
21410 292
21462 293
2812 294
8020 295
1412 296
8040 297
21400 298
21475 299
21401 300
24247 301
21402 302
24251 303
40830 304
40831 305
2927 306
8056 307
21398 308
21472 309
21397 310
21473 311
2938 312
8099 313
18628 314
3070 315
8100 316
3071 317
8101 318
21393 319
21477 320
21394 321
21476 322
21396 323
21474 324
26539 325
26538 326
37709 327
21621 328
24913 329
36741 330
40832 331
35497 332
2624 333
11185 334
11193 335
11194 336
771 337
774 338
768 339
12 340
18617 341
1901 342
7912 343
12090 344
12217 345
40833 346
40834 347
40835 348
34527 349
14720 350
24383 351
14579 352
24381 353
14726 354
24384 355
14728 356
14733 357
19397 358
