45050 1
-1 2
45051 3
9999999 4
14007 5
25750 6
25751 7
58052 8
58053 9
14043 10
1280 11
14001 12
54318 13
14674 14
1474 15
14665 16
54337 17
39752 18
8364 19
14780 20
14672 21
17427 22
14102 23
14791 24
14782 25
0 26
7849 27
7850 28
14017 29
14662 30
6852 31
22138 32
6900 33
22139 34
32089 35
14021 36
7831 37
7832 38
45050 1
-1 2
45051 3
9999999 4
14007 5
25750 6
25751 7
58052 8
58053 9
14043 10
1280 11
14001 12
54318 13
14674 14
1474 15
14665 16
54337 17
39752 18
8364 19
14780 20
14672 21
17427 22
14102 23
14791 24
14782 25
0 26
7849 27
7850 28
14017 29
14662 30
6852 31
22138 32
6900 33
22139 34
32089 35
14021 36
7831 37
7832 38
